t	y
0.000	0.000
0.033	0.000
0.067	0.000
0.100	0.000
0.133	0.008
0.200	0.038
0.233	0.050
0.300	0.059
0.333	0.055
0.367	0.050
0.400	0.048
0.433	0.050
0.467	0.056
0.500	0.065
0.567	0.081
0.633	0.086
0.667	0.086
0.700	0.086
0.733	0.087
0.767	0.091
0.800	0.096
0.833	0.102
0.867	0.107
0.967	0.118
1.000	0.120
1.033	0.122
1.067	0.126
1.100	0.129
1.133	0.135
1.167	0.139
1.200	0.144
1.300	0.156
1.333	0.160
1.367	0.164
1.400	0.167
1.433	0.171
1.467	0.175
1.533	0.183
1.567	0.187
1.600	0.190
1.633	0.193
1.667	0.197
1.733	0.204
1.767	0.208
1.800	0.211
1.833	0.214
1.866	0.218
1.900	0.221
1.966	0.228
2.033	0.235
2.066	0.238
2.100	0.242
2.133	0.246
2.166	0.249
2.233	0.255
2.266	0.258
