t	y
0.000	0.000
0.033	0.000
0.067	0.001
0.100	0.005
0.133	0.014
0.167	0.027
0.233	0.044
0.267	0.044
0.300	0.042
0.333	0.042
0.367	0.043
0.433	0.054
0.500	0.064
0.533	0.067
0.567	0.068
0.600	0.068
0.633	0.069
0.667	0.072
0.700	0.076
0.767	0.083
0.800	0.086
0.833	0.088
0.867	0.090
0.933	0.094
0.967	0.097
1.033	0.104
1.067	0.107
1.100	0.110
1.133	0.112
1.167	0.115
1.233	0.119
1.267	0.123
1.333	0.129
1.367	0.132
1.400	0.135
1.433	0.138
1.467	0.141
1.500	0.143
1.567	0.149
1.600	0.153
1.633	0.155
1.667	0.158
1.733	0.164
1.767	0.166
1.800	0.169
1.833	0.172
1.867	0.174
1.900	0.178
1.933	0.180
2.000	0.186
2.033	0.188
2.100	0.193
2.133	0.196
2.167	0.199
2.200	0.202
2.233	0.204
2.267	0.207
2.300	0.210
2.366	0.214
2.400	0.217
2.466	0.222
2.500	0.224
2.533	0.227
2.566	0.229
2.600	0.231
2.633	0.233
2.666	0.235
2.700	0.237
2.766	0.241
2.833	0.245
2.866	0.248
2.900	0.249
2.933	0.253
2.966	0.255
