t	y
0.000	0.000
0.033	0.002
0.067	0.008
0.100	0.022
0.167	0.054
0.233	0.065
0.267	0.060
0.300	0.055
0.333	0.051
0.367	0.050
0.400	0.052
0.467	0.068
0.533	0.084
0.567	0.088
0.600	0.089
0.633	0.088
0.667	0.088
0.700	0.088
0.733	0.091
0.800	0.100
0.833	0.106
0.867	0.111
0.900	0.116
0.967	0.120
1.033	0.124
1.100	0.130
1.133	0.134
1.167	0.139
1.200	0.143
1.233	0.148
1.267	0.152
1.300	0.155
1.333	0.158
1.400	0.163
1.467	0.170
1.500	0.174
1.533	0.179
1.567	0.182
1.600	0.186
1.633	0.188
1.700	0.194
1.733	0.197
1.767	0.200
1.800	0.203
1.833	0.206
1.867	0.208
1.900	0.211
1.966	0.217
2.033	0.222
2.066	0.225
2.100	0.227
2.133	0.229
2.167	0.232
2.233	0.237
2.266	0.240
2.300	0.243
2.333	0.245
2.366	0.248
2.400	0.250
2.466	0.255
