t	y
0.000	0.000
0.033	0.001
0.133	0.052
0.167	0.066
0.200	0.080
0.233	0.084
0.267	0.080
0.300	0.074
0.333	0.066
0.433	0.069
0.467	0.077
0.500	0.089
0.533	0.100
0.567	0.110
0.600	0.117
0.633	0.119
0.700	0.115
0.733	0.114
0.800	0.117
0.833	0.124
0.867	0.132
0.900	0.140
0.933	0.148
0.967	0.154
1.033	0.160
1.067	0.162
1.100	0.163
1.133	0.165
1.167	0.167
1.233	0.177
1.333	0.196
1.366	0.200
1.400	0.203
1.433	0.205
1.500	0.209
1.533	0.211
1.633	0.225
1.700	0.236
1.733	0.241
1.766	0.244
1.800	0.248
1.833	0.250
1.900	0.256
