t	y
0.000	0.000
0.033	0.010
0.067	0.026
0.100	0.040
0.133	0.047
0.167	0.048
0.200	0.047
0.267	0.039
0.300	0.041
0.333	0.047
0.367	0.055
0.400	0.063
0.433	0.067
0.467	0.069
0.500	0.069
0.533	0.068
0.600	0.072
0.633	0.076
0.667	0.082
0.700	0.086
0.733	0.090
0.767	0.093
0.800	0.094
0.867	0.098
0.900	0.101
0.933	0.105
0.967	0.109
1.000	0.113
1.033	0.117
1.067	0.120
1.100	0.122
1.133	0.125
1.200	0.131
1.233	0.134
1.267	0.137
1.300	0.141
1.333	0.144
1.367	0.148
1.433	0.154
1.467	0.156
1.500	0.159
1.533	0.162
1.567	0.164
1.600	0.167
1.633	0.171
1.667	0.174
1.733	0.180
1.767	0.182
1.800	0.185
1.833	0.187
1.867	0.190
1.933	0.195
1.967	0.198
2.000	0.201
2.033	0.203
2.067	0.206
2.100	0.208
2.133	0.211
2.233	0.217
2.266	0.221
2.300	0.224
2.333	0.226
2.366	0.228
2.400	0.229
2.433	0.231
2.466	0.233
2.533	0.238
2.566	0.240
2.600	0.242
2.633	0.245
2.666	0.246
2.700	0.248
2.733	0.249
2.766	0.252
2.800	0.254
2.833	0.256
2.900	0.261
2.933	0.264
2.966	0.266
