t	y
0.033	0.000
0.067	0.009
0.100	0.024
0.167	0.047
0.200	0.049
0.233	0.048
0.300	0.042
0.333	0.043
0.367	0.049
0.400	0.057
0.433	0.065
0.467	0.072
0.500	0.076
0.533	0.078
0.567	0.079
0.633	0.080
0.667	0.084
0.700	0.089
0.733	0.094
0.767	0.100
0.800	0.105
0.833	0.109
0.933	0.116
0.967	0.119
1.000	0.122
1.033	0.126
1.067	0.131
1.100	0.136
1.133	0.140
1.167	0.144
1.200	0.148
1.300	0.156
1.333	0.158
1.367	0.162
1.400	0.165
1.433	0.169
1.467	0.172
1.500	0.176
1.533	0.179
1.567	0.183
1.667	0.192
1.700	0.195
1.733	0.198
1.767	0.202
1.800	0.205
1.833	0.208
1.867	0.211
1.900	0.213
1.933	0.215
2.000	0.221
2.033	0.224
2.067	0.227
2.100	0.230
2.133	0.233
2.167	0.235
2.200	0.237
2.266	0.241
2.300	0.243
2.333	0.245
2.366	0.247
2.400	0.250
2.466	0.255
2.500	0.258
2.533	0.263
