t	y
0.000	0.000
0.033	0.000
0.067	0.004
0.100	0.016
0.133	0.032
0.200	0.059
0.267	0.061
0.300	0.057
0.333	0.054
0.367	0.055
0.400	0.059
0.433	0.067
0.467	0.076
0.500	0.085
0.533	0.091
0.600	0.097
0.633	0.098
0.667	0.099
0.700	0.101
0.733	0.106
0.800	0.118
0.833	0.124
0.867	0.130
0.900	0.135
0.933	0.138
0.967	0.141
1.000	0.144
1.067	0.152
1.100	0.158
1.133	0.163
1.167	0.168
1.200	0.173
1.233	0.178
1.300	0.184
1.333	0.188
1.367	0.192
1.400	0.196
1.433	0.200
1.467	0.204
1.600	0.218
1.633	0.221
1.667	0.224
1.700	0.227
1.733	0.231
1.767	0.235
1.833	0.242
1.867	0.245
1.900	0.249
