t	y
0.000	0.000
0.033	0.004
0.067	0.016
0.133	0.042
0.167	0.048
0.200	0.045
0.267	0.036
0.300	0.036
0.333	0.040
0.367	0.048
0.533	0.071
0.600	0.069
0.667	0.077
0.700	0.085
0.733	0.092
0.767	0.097
0.800	0.100
0.933	0.105
0.967	0.109
1.000	0.114
1.033	0.119
1.067	0.122
1.100	0.125
1.133	0.126
1.167	0.128
1.233	0.132
1.267	0.135
1.333	0.143
1.367	0.146
1.400	0.149
1.433	0.151
1.467	0.152
1.500	0.154
1.533	0.157
1.567	0.161
1.633	0.168
1.667	0.170
1.733	0.175
1.767	0.177
1.800	0.180
1.833	0.183
1.867	0.186
1.900	0.189
1.933	0.193
2.000	0.198
2.033	0.200
2.067	0.203
2.100	0.205
2.133	0.208
2.167	0.211
2.266	0.218
2.300	0.221
2.333	0.223
2.366	0.226
2.400	0.228
2.466	0.234
2.500	0.237
2.533	0.239
2.600	0.243
2.666	0.248
2.700	0.251
