t	y
0.00	0
0.03	0
0.07	0
0.10	0.001
0.13	0.005
0.17	0.019
0.23	0.039
0.27	0.041
0.30	0.039
0.33	0.034
0.37	0.029
0.40	0.031
0.47	0.047
0.50	0.055
0.53	0.059
0.57	0.06
0.60	0.059
0.67	0.055
0.70	0.059
0.73	0.064
0.77	0.071
0.80	0.076
0.87	0.08
0.93	0.08
0.97	0.082
1.00	0.086
1.03	0.09
1.07	0.095
1.10	0.099
1.13	0.101
1.17	0.103
1.20	0.105
1.30	0.114
1.33	0.118
1.40	0.124
1.50	0.132
1.53	0.135
1.57	0.139
1.60	0.142
1.63	0.146
1.67	0.149
1.80	0.16
1.83	0.163
1.87	0.166
1.90	0.169
1.93	0.172
1.97	0.174
2.03	0.18
2.10	0.185
2.13	0.188
2.17	0.191
2.20	0.194
2.27	0.2
2.30	0.203
2.33	0.205
2.37	0.208
2.47	0.217
2.50	0.22
2.53	0.223
2.60	0.229
2.70	0.237
2.73	0.24
2.83	0.248
2.87	0.251
2.90	0.253
3.00	0.261
3.03	0.2628
